x
1 -480.873117471109
2 29.9138613375186
3 -47.0146379376741
4 -29.8632673111778
5 25.8288878884861
6 -20.2175789496966
7 8.72613024216887
8 15.8335472146114
9 2.25872610866434
10 7.48146494668733
11 7.9754751019806
12 3.02940644470899
13 -1.97583506653929
14 3.98093064250433
15 -4.41127182304795
16 -4.428798421779
17 -2.86053642271277
18 0.608092236554311
19 -1.87790066089668
20 1.49134797698309
21 2.08529248351202
22 -12.1265166600538
23 -7.02281011080787
24 -10.8404938761871
25 -3.07418905276554
26 1.80479670427495
27 -5.18613746222493
28 -5.15053112680574
29 -4.8192522124018
30 -7.92929190657679
31 -3.95564575225925
32 -6.67656508321732
33 -1.717839513071
34 -4.2302625573252
35 -4.08594243144323
36 -8.24947563291262
37 12.865626510213
38 8.94074873639248
39 4.94561564487502
40 -6.82690309568998
41 1.42965337184677
42 15.7059963751199
43 1.79185273456925
44 -7.44224096207195
45 3.99545946519698
46 -9.88093364216748
47 -14.0527033055944
