x
1 -0.615356535215129
2 0.821983858254363
3 -0.323684357877324
4 2.0251991173828
5 0.496776364858815
6 0.101894189157551
7 -0.561562827717954
8 -0.602952973537703
9 0.0133004635195812
10 0.626155006987144
11 0.674527659734707
12 0.300092320875417
13 -0.692012618450672
14 0.799999455081311
15 0.728416952639666
16 -0.254460948375
17 -0.255094520039722
18 -0.542408141136364
19 1.09145398801078
20 -0.507068872365217
21 0.28135439576871
22 1.42651060783657
23 -1.90454062520834
24 0.656682689747366
25 0.0737633788173466
26 1.33943370674699
27 0.0542807392819934
28 -0.550102052431501
29 0.723907581622259
30 -0.558627107271535
31 0.993551945670094
32 -0.875615205758196
33 -0.555314223043003
34 0.36280195822385
35 -1.04148435991408
36 -0.845706988410269
37 -1.87246696978021
38 0.746668328583486
39 1.54925321944523
40 -0.622895608224212
41 -0.419829936213828
42 0.421260460588902
43 1.1238795433152
44 1.31853671747543
45 0.331883552659515
46 -1.8600213772008
47 -0.29318272126297
48 -0.828766495897088
49 0.262154967081228
50 -0.773519055372387
