x
1 -1.31474772172364
2 0.980218835217482
3 0.0327077232657672
4 -0.494025048383277
5 2.26449918107582
6 -0.650362289810398
7 -1.25094919102958
8 1.00537661011485
9 0.66483370872305
10 0.373524876190032
11 -0.29013201731903
12 0.798120657961811
13 -1.76643573981909
14 -1.64610276045362
15 -0.0694241492149217
16 -0.247826066888857
17 -0.608714607101703
18 0.612906511255734
19 2.00315286969507
20 0.102343321013842
21 -0.704272123381239
22 -1.26349625919134
23 0.518980857611772
24 -1.3165896090177
25 0.938639154829259
26 0.1778146128979
27 0.0483319231926796
28 -0.840740395979571
29 0.215556662170898
30 1.54351361914134
31 1.09153344169104
32 -0.394410696619177
33 -0.362797762849041
34 -0.360561478947948
35 -0.213129866641918
36 -0.137017440050326
37 -1.27192100482048
38 0.332828323685097
39 -0.784300469962525
40 -1.30433070353067
41 -2.41240819079722
42 0.206695428501499
43 -0.00747313902195659
44 0.161699058449151
45 -0.294754589336017
46 0.434358259907588
47 -1.17865009370345
48 0.534527454668919
49 0.761657845741721
50 1.22695039406823
