(Intercept) Agriculture Examination Education Catholic Infant.Mortality
Courtelary -6.85565460040104 -347.304544756487 -113.045368410868 -75.2663356129136 -282.067885958969 -136.719256530977
Delemont 0.145864991497895 154.034973923098 -37.1478636768733 -41.7063752595514 113.452164995467 -1.20225390519836
Franches-Mnt 0.145864991497895 0.0433331266369504 39.3418467423112 23.2624214388882 -115.685533417369 -4.23314870474656
Moutier 0.145864991497895 0.0641076294560154 0.152682475214013 44.4118985736176 103.230399444297 -1.79289363233791
Neuveville 0.145864991497895 0.0186634045393107 -0.00516664772590938 -0.0683683502259552 207.596957966608 3.91334592127764
Porrentruy 0.145864991497895 0.0718980680131648 0.234209954631591 0.0316260657752211 -0.147570234205062 -18.7712862460595
Broye 0.145864991497895 -0.154673853357263 -0.0970681701823159 0.00732385705441318 -0.2856915230657 0.175838364634711
Glane 0.145864991497895 -0.139092976242964 -0.0356861202525304 -0.0340350157588562 -0.249215540816855 0.240600260506103
Gruyere 0.145864991497895 -0.044958510344076 0.0788633068743062 0.0108478318373229 -0.232863035813918 -0.00187081743385705
Sarine 0.145864991497895 0.00762694991668235 0.012781782704153 -0.0426330413102918 -0.231740220305966 0.184668321665125
Veveyse 0.145864991497895 -0.117669270210804 -0.0211859264715165 0.0222367093292214 -0.284807109694144 0.204349057913031
Aigle 0.145864991497895 -0.101439189883409 -0.188128521767265 -0.00979194980345063 0.0550514927965825 -0.141458924755393
Aubonne 0.145864991497895 -0.137145366603677 -0.0343679208178927 -0.0104968229516186 0.195075317640191 -9.22602880576461e-05
Avenches 0.145864991497895 -0.0929995481131639 -0.131579869764485 -0.0323805836106097 0.120756210404902 0.189838809357083
Cossonay 0.145864991497895 -0.148831024439401 -0.245622935236457 0.136470005493747 -0.0203048538978481 -0.0274441556045632
Echallens 0.145864991497895 -0.170254730471562 -0.158450220112101 0.13874868355281 -0.0620878244930691 0.0882435396502304
Grandson 0.145864991497895 0.08033770978341 0.0365763343709488 0.121601040944952 0.0940069084401092 -0.0240885873680696
Lausanne 0.145864991497895 0.175121378895394 -0.128035338180434 -0.157433693039146 0.0709706397642215 0.0106835196972692
La Vallee 0.145864991497895 0.202387913845417 -0.236671682227218 0.104542124433576 -0.104069677875697 -0.51998772473966
Lavaux 0.145864991497895 -0.172851543323945 -0.185626046584627 -0.00672099817095328 0.104756933822522 0.0642286638947354
Morges 0.145864991497895 -0.0871567191953018 -0.203879953139598 0.0562415356092728 0.019793313732048 -0.0708429844163212
Moudon 0.145864991497895 -0.0566441681798001 0.0201176558137958 0.121799578686349 0.120550119864762 0.133618540463505
Nyone 0.145864991497895 -0.0293776332297772 -0.164773369912015 0.0415191222167321 -0.0129524238421628 -0.160520276648276
Orbe 0.145864991497895 -0.0501521360488423 -0.127997709428799 0.138703853147926 0.0159994934535816 -0.23886220132937
Oron 0.145864991497895 -0.161165885488221 0.00021074060759441 0.0849850673363158 0.171260782330156 0.0900319767376287
Payerne 0.145864991497895 -0.0761202645726735 0.00693566146741958 -0.000999907279617838 0.182787937101243 0.230758772453176
Paysd'enhaut 0.145864991497895 -0.111177238079846 0.18655388945468 -0.014872222038951 0.329182179000625 -0.0779422617139782
Rolle 0.145864991497895 -0.0936487513262596 -0.0557645878970036 -0.0282122041161495 0.151276835158487 -0.158897882297955
Vevey 0.145864991497895 0.127080341126306 -0.135132697008486 0.00650465149232928 -0.0397892090380056 0.0299591827275018
Yverdon 0.145864991497895 -0.0202887882464363 0.0193058180340226 0.0417969615242663 0.14527206250198 0.141640733793456
Conthey 0.145864991497895 -0.256598757813301 0.164383013347431 -0.109167023655156 -0.0550732769360694 -0.259555662932108
Entremont 0.145864991497895 -0.250106725682343 0.0671041025575208 -0.141795257094495 -0.101104940144799 0.000406796402928343
Herens 0.145864991497895 -0.281268479910941 0.0968493660560033 -0.0950925930642953 -0.0996831537304931 -0.0817207751545286
Martigwy 0.145864991497895 -0.206610110404926 -0.0305472462006169 -0.051437143775729 -0.223749142784487 -0.0368713041695189
Monthey 0.145864991497895 -0.120266083063187 0.154984064866696 -0.0061321661002611 -0.153779051728835 -0.0308847564901757
St Maurice 0.145864991497895 -0.191678436503723 0.055813631143965 -0.151677571300031 -0.118231002880949 -0.116194989410123
Sierre 0.145864991497895 -0.248159116043056 0.170095210897527 -0.127256126403962 -0.0428579463432708 -0.194978593023479
Sion 0.145864991497895 -0.108580425227463 0.010383898116468 -0.144118765558441 -0.166834673767981 -0.114796735653583
Boudry 0.145864991497895 0.0517727684071956 -0.21152130237415 0.138122177257494 -0.0759529456657375 0.00966246712662291
La Chauxdfnd 0.145864991497895 0.251078154827601 -0.152880241908593 0.305717110394373 -0.233213859201933 -0.0575421520852041
Le Locle 0.145864991497895 0.19264986564898 -0.0144986343633261 0.135476933794415 -0.0197768622643219 -0.111917980502233
Neuchatel 0.145864991497895 0.186807036731118 -0.348890186609688 -0.119797332750184 -0.117903159407156 0.162144404632114
Val de Ruz 0.145864991497895 0.0569663941119618 0.0715943956079818 0.104841057255129 0.124972283735645 -0.0200446939478805
ValdeTravers 0.145864991497895 0.179665801387065 -0.0995413122732704 0.304288530968518 -0.15111760622102 -0.0945611165802243
V. De Geneve 0.145864991497895 0.293276363678827 -0.327665071968849 -0.509774397018548 -0.0444083514104978 -0.0908009951039727
Rive Droite 0.145864991497895 -0.00146189506665858 0.0066301853425107 -0.407664809851927 0.166470641826331 -0.058481915511465
Rive Gauche 0.145864991497895 0.121237512208444 -0.0628326136333724 -0.262249375097807 -0.035039192026623 -0.0494982366129706
